Cube
[(-1, -1, -1), (1, -1, -1), (1, 1, -1), (-1, 1, -1), (-1, -1, 1), (1, -1, 1),(1, 1, 1), (-1, 1, 1)]
[(0, 1), (1, 2), (2, 3), (3, 0), (4, 5), (5, 6), (6, 7), (7, 4), (0, 4), (1, 5), (2, 6), (3, 7)]

Shape
[(-0.765, -0.25, -2.749999999999999), (-0.725, 0.315, -2.749999999999999), (-0.005, 0.47, -2.749999999999999), (0.765, 0.255, -2.749999999999999), (0.65, -0.085, -2.749999999999999), (0.04, -0.285, -2.749999999999999), (-0.205, 0.07, -2.749999999999999), (-0.765, -0.25, 2.749999999999999), (-0.725, 0.315, 2.749999999999999), (-0.005, 0.47, 2.749999999999999), (0.765, 0.255, 2.749999999999999), (0.65, -0.085, 2.749999999999999), (0.04, -0.285, 2.749999999999999), (-0.205, 0.07, 2.749999999999999)]
[(0, 7), (0, 1), (1, 8), (1, 2), (2, 9), (2, 3), (3, 10), (3, 4), (4, 11), (4, 5), (5, 12), (5, 6), (6, 13), (6, 0), (7, 8), (8, 9), (9, 10), (10, 11), (11, 12), (12, 13), (13, 7)]

Stairs
[(-0.45, -0.185, -1.5), (-0.475, 0.815, -1.5), (0.915, 0.82, -1.5), (0.9, 0.65, -1.5), (0.765, 0.645, -1.5), (0.765, 0.49, -1.5), (0.625, 0.495, -1.5), (0.625, 0.335, -1.5), (0.475, 0.32, -1.5), (0.45, 0.185, -1.5), (0.28, 0.18, -1.5), (0.28, 0.015, -1.5), (0.12, 0.03, -1.5), (0.14, -0.12, -1.5), (-0.095, -0.085, -1.5), (-0.17, -0.21, -1.5), (-0.34, -0.16, -1.5), (-0.38, -0.265, -1.5), (-0.45, -0.185, 1.5), (-0.475, 0.815, 1.5), (0.915, 0.82, 1.5), (0.9, 0.65, 1.5), (0.765, 0.645, 1.5), (0.765, 0.49, 1.5), (0.625, 0.495, 1.5), (0.625, 0.335, 1.5), (0.475, 0.32, 1.5), (0.45, 0.185, 1.5), (0.28, 0.18, 1.5), (0.28, 0.015, 1.5), (0.12, 0.03, 1.5), (0.14, -0.12, 1.5), (-0.095, -0.085, 1.5), (-0.17, -0.21, 1.5), (-0.34, -0.16, 1.5), (-0.38, -0.265, 1.5)]
[(0, 18), (0, 1), (1, 19), (1, 2), (2, 20), (2, 3), (3, 21), (3, 4), (4, 22), (4, 5), (5, 23), (5, 6), (6, 24), (6, 7), (7, 25), (7, 8), (8, 26), (8, 9), (9, 27), (9, 10), (10, 28), (10, 11), (11, 29), (11, 12), (12, 30), (12, 13), (13, 31), (13, 14), (14, 32), (14, 15), (15, 33), (15, 16), (16, 34), (16, 17), (17, 35), (17, 0), (18, 19), (19, 20), (20, 21), (21, 22), (22, 23), (23, 24), (24, 25), (25, 26), (26, 27), (27, 28), (28, 29), (29, 30), (30, 31), (31, 32), (32, 33), (33, 34), (34, 35), (35, 18)]